marker	chr	start
1	RSM_1_0.05	1	50000
2	RSM_1_0.15	1	150000
3	RSM_1_0.25	1	250000
4	RSM_1_0.35	1	350000
5	RSM_1_0.45	1	450000
6	RSM_1_0.55	1	550000
7	RSM_1_0.65	1	650000
8	RSM_1_0.75	1	750000
9	RSM_1_0.85	1	850000
10	RSM_1_0.95	1	950000
11	RSM_1_1.05	1	1050000
12	RSM_1_1.15	1	1150000
13	RSM_1_1.25	1	1250000
14	RSM_1_1.35	1	1350000
15	RSM_1_1.45	1	1450000
16	RSM_1_1.55	1	1550000
17	RSM_1_1.65	1	1650000
18	RSM_1_1.75	1	1750000
19	RSM_1_1.85	1	1850000
20	RSM_1_1.95	1	1950000
21	RSM_1_2.05	1	2050000
22	RSM_1_2.15	1	2150000
23	RSM_1_2.25	1	2250000
24	RSM_1_2.35	1	2350000
25	RSM_1_2.45	1	2450000
26	RSM_1_2.55	1	2550000
27	RSM_1_2.65	1	2650000
28	RSM_1_2.75	1	2750000
29	RSM_1_2.85	1	2850000
30	RSM_1_2.95	1	2950000
31	RSM_1_3.05	1	3050000
32	RSM_1_3.15	1	3150000
33	RSM_1_3.25	1	3250000
34	RSM_1_3.35	1	3350000
35	RSM_1_3.45	1	3450000
36	RSM_1_3.55	1	3550000
37	RSM_1_3.65	1	3650000
38	RSM_1_3.75	1	3750000
39	RSM_1_3.85	1	3850000
40	RSM_1_3.95	1	3950000
41	RSM_1_4.05	1	4050000
42	RSM_1_4.15	1	4150000
43	RSM_1_4.25	1	4250000
44	RSM_1_4.35	1	4350000
45	RSM_1_4.45	1	4450000
46	RSM_1_4.55	1	4550000
47	RSM_1_4.65	1	4650000
48	RSM_1_4.75	1	4750000
49	RSM_1_4.85	1	4850000
50	RSM_1_4.95	1	4950000
51	RSM_1_5.05	1	5050000
52	RSM_1_5.15	1	5150000
53	RSM_1_5.25	1	5250000
54	RSM_1_5.35	1	5350000
55	RSM_1_5.45	1	5450000
56	RSM_1_5.55	1	5550000
57	RSM_1_5.65	1	5650000
58	RSM_1_5.75	1	5750000
59	RSM_1_5.85	1	5850000
60	RSM_1_5.95	1	5950000
61	RSM_1_6.05	1	6050000
62	RSM_1_6.15	1	6150000
63	RSM_1_6.25	1	6250000
64	RSM_1_6.35	1	6350000
65	RSM_1_6.45	1	6450000
66	RSM_1_6.55	1	6550000
67	RSM_1_6.65	1	6650000
68	RSM_1_6.75	1	6750000
69	RSM_1_6.85	1	6850000
70	RSM_1_6.95	1	6950000
71	RSM_1_7.05	1	7050000
72	RSM_1_7.15	1	7150000
73	RSM_1_7.25	1	7250000
74	RSM_1_7.35	1	7350000
75	RSM_1_7.45	1	7450000
76	RSM_1_7.55	1	7550000
77	RSM_1_7.65	1	7650000
78	RSM_1_7.75	1	7750000
79	RSM_1_7.85	1	7850000
80	RSM_1_7.95	1	7950000
81	RSM_1_8.05	1	8050000
82	RSM_1_8.15	1	8150000
83	RSM_1_8.25	1	8250000
84	RSM_1_8.35	1	8350000
85	RSM_1_8.45	1	8450000
86	RSM_1_8.55	1	8550000
87	RSM_1_8.65	1	8650000
88	RSM_1_8.75	1	8750000
89	RSM_1_8.85	1	8850000
90	RSM_1_8.95	1	8950000
91	RSM_1_9.05	1	9050000
92	RSM_1_9.15	1	9150000
93	RSM_1_9.25	1	9250000
94	RSM_1_9.35	1	9350000
95	RSM_1_9.45	1	9450000
96	RSM_1_9.55	1	9550000
97	RSM_1_9.65	1	9650000
98	RSM_1_9.75	1	9750000
99	RSM_1_9.85	1	9850000
100	RSM_1_9.95	1	9950000
101	RSM_1_10.05	1	10050000
102	RSM_1_10.25	1	10250000
103	RSM_1_10.35	1	10350000
104	RSM_1_10.45	1	10450000
105	RSM_1_10.65	1	10650000
106	RSM_1_10.75	1	10750000
107	RSM_1_11.05	1	11050000
108	RSM_1_11.15	1	11150000
109	RSM_1_11.25	1	11250000
110	RSM_1_11.35	1	11350000
111	RSM_1_11.45	1	11450000
112	RSM_1_11.55	1	11550000
113	RSM_1_11.65	1	11650000
114	RSM_1_11.75	1	11750000
115	RSM_1_11.85	1	11850000
116	RSM_1_11.95	1	11950000
117	RSM_1_12.05	1	12050000
118	RSM_1_12.15	1	12150000
119	RSM_1_12.25	1	12250000
120	RSM_1_12.35	1	12350000
121	RSM_1_12.45	1	12450000
122	RSM_1_12.55	1	12550000
123	RSM_1_12.65	1	12650000
124	RSM_1_12.75	1	12750000
125	RSM_1_12.85	1	12850000
126	RSM_1_12.95	1	12950000
127	RSM_1_13.05	1	13050000
128	RSM_1_13.15	1	13150000
129	RSM_1_13.25	1	13250000
130	RSM_1_13.45	1	13450000
131	RSM_1_13.55	1	13550000
132	RSM_1_13.65	1	13650000
133	RSM_1_14.05	1	14050000
134	RSM_1_15.85	1	15850000
135	RSM_1_15.95	1	15950000
136	RSM_1_16.15	1	16150000
137	RSM_1_16.25	1	16250000
138	RSM_1_16.35	1	16350000
139	RSM_1_16.45	1	16450000
140	RSM_1_16.65	1	16650000
141	RSM_1_16.75	1	16750000
142	RSM_1_16.85	1	16850000
143	RSM_1_16.95	1	16950000
144	RSM_1_17.05	1	17050000
145	RSM_1_17.15	1	17150000
146	RSM_1_17.25	1	17250000
147	RSM_1_17.35	1	17350000
148	RSM_1_17.45	1	17450000
149	RSM_1_17.55	1	17550000
150	RSM_1_17.65	1	17650000
151	RSM_1_17.75	1	17750000
152	RSM_1_17.85	1	17850000
153	RSM_1_17.95	1	17950000
154	RSM_1_18.05	1	18050000
155	RSM_1_18.15	1	18150000
156	RSM_1_18.25	1	18250000
157	RSM_1_18.35	1	18350000
158	RSM_1_18.45	1	18450000
159	RSM_1_18.55	1	18550000
160	RSM_1_18.65	1	18650000
161	RSM_1_18.75	1	18750000
162	RSM_1_18.95	1	18950000
163	RSM_1_19.05	1	19050000
164	RSM_1_19.15	1	19150000
165	RSM_1_19.25	1	19250000
166	RSM_1_19.35	1	19350000
167	RSM_1_19.45	1	19450000
168	RSM_1_19.55	1	19550000
169	RSM_1_19.65	1	19650000
170	RSM_1_19.75	1	19750000
171	RSM_1_19.85	1	19850000
172	RSM_1_19.95	1	19950000
173	RSM_1_20.05	1	20050000
174	RSM_1_20.15	1	20150000
175	RSM_1_20.25	1	20250000
176	RSM_1_20.35	1	20350000
177	RSM_1_20.45	1	20450000
178	RSM_1_20.55	1	20550000
179	RSM_1_20.65	1	20650000
180	RSM_1_20.75	1	20750000
181	RSM_1_20.85	1	20850000
182	RSM_1_20.95	1	20950000
183	RSM_1_21.05	1	21050000
184	RSM_1_21.15	1	21150000
185	RSM_1_21.25	1	21250000
186	RSM_1_21.35	1	21350000
187	RSM_1_21.45	1	21450000
188	RSM_1_21.55	1	21550000
189	RSM_1_21.65	1	21650000
190	RSM_1_21.75	1	21750000
191	RSM_1_21.85	1	21850000
192	RSM_1_21.95	1	21950000
193	RSM_1_22.05	1	22050000
194	RSM_1_22.15	1	22150000
195	RSM_1_22.25	1	22250000
196	RSM_1_22.35	1	22350000
197	RSM_1_22.45	1	22450000
198	RSM_1_22.55	1	22550000
199	RSM_1_22.65	1	22650000
200	RSM_1_22.75	1	22750000
201	RSM_1_22.85	1	22850000
202	RSM_1_22.95	1	22950000
203	RSM_1_23.05	1	23050000
204	RSM_1_23.15	1	23150000
205	RSM_1_23.25	1	23250000
206	RSM_1_23.35	1	23350000
207	RSM_1_23.45	1	23450000
208	RSM_1_23.55	1	23550000
209	RSM_1_23.65	1	23650000
210	RSM_1_23.75	1	23750000
211	RSM_1_23.85	1	23850000
212	RSM_1_23.95	1	23950000
213	RSM_1_24.05	1	24050000
214	RSM_1_24.15	1	24150000
215	RSM_1_24.25	1	24250000
216	RSM_1_24.35	1	24350000
217	RSM_1_24.45	1	24450000
218	RSM_1_24.55	1	24550000
219	RSM_1_24.65	1	24650000
220	RSM_1_24.75	1	24750000
221	RSM_1_24.85	1	24850000
222	RSM_1_25.05	1	25050000
223	RSM_1_25.15	1	25150000
224	RSM_1_25.25	1	25250000
225	RSM_1_25.35	1	25350000
226	RSM_1_25.45	1	25450000
227	RSM_1_25.55	1	25550000
228	RSM_1_25.65	1	25650000
229	RSM_1_25.85	1	25850000
230	RSM_1_25.95	1	25950000
231	RSM_1_26.05	1	26050000
232	RSM_1_26.15	1	26150000
233	RSM_1_26.25	1	26250000
234	RSM_1_26.35	1	26350000
235	RSM_1_26.45	1	26450000
236	RSM_1_26.55	1	26550000
237	RSM_1_26.65	1	26650000
238	RSM_1_26.75	1	26750000
239	RSM_1_26.85	1	26850000
240	RSM_1_26.95	1	26950000
241	RSM_1_27.05	1	27050000
242	RSM_1_27.15	1	27150000
243	RSM_1_27.25	1	27250000
244	RSM_1_27.35	1	27350000
245	RSM_1_27.45	1	27450000
246	RSM_1_27.55	1	27550000
247	RSM_1_27.65	1	27650000
248	RSM_1_27.75	1	27750000
249	RSM_1_27.85	1	27850000
250	RSM_1_27.95	1	27950000
251	RSM_1_28.05	1	28050000
252	RSM_1_28.15	1	28150000
253	RSM_1_28.25	1	28250000
254	RSM_1_28.35	1	28350000
255	RSM_1_28.45	1	28450000
256	RSM_1_28.55	1	28550000
257	RSM_1_28.65	1	28650000
258	RSM_1_28.75	1	28750000
259	RSM_1_28.85	1	28850000
260	RSM_1_28.95	1	28950000
261	RSM_1_29.05	1	29050000
262	RSM_1_29.15	1	29150000
263	RSM_1_29.25	1	29250000
264	RSM_1_29.35	1	29350000
265	RSM_1_29.45	1	29450000
266	RSM_1_29.55	1	29550000
267	RSM_1_29.65	1	29650000
268	RSM_1_29.75	1	29750000
269	RSM_1_29.85	1	29850000
270	RSM_1_29.95	1	29950000
271	RSM_1_30.05	1	30050000
272	RSM_1_30.15	1	30150000
273	RSM_1_30.25	1	30250000
274	RSM_1_30.35	1	30350000
275	RSM_1_30.45	1	30450000
276	RSM_2_0.05	2	50000
277	RSM_2_0.15	2	150000
278	RSM_2_0.25	2	250000
279	RSM_2_0.35	2	350000
280	RSM_2_0.45	2	450000
281	RSM_2_0.55	2	550000
282	RSM_2_0.65	2	650000
283	RSM_2_0.75	2	750000
284	RSM_2_0.85	2	850000
285	RSM_2_0.95	2	950000
286	RSM_2_1.05	2	1050000
287	RSM_2_1.15	2	1150000
288	RSM_2_1.35	2	1350000
289	RSM_2_1.45	2	1450000
290	RSM_2_1.55	2	1550000
291	RSM_2_1.65	2	1650000
292	RSM_2_1.75	2	1750000
293	RSM_2_1.85	2	1850000
294	RSM_2_1.95	2	1950000
295	RSM_2_2.05	2	2050000
296	RSM_2_2.15	2	2150000
297	RSM_2_2.25	2	2250000
298	RSM_2_2.35	2	2350000
299	RSM_2_2.45	2	2450000
300	RSM_2_2.55	2	2550000
301	RSM_2_2.85	2	2850000
302	RSM_2_2.95	2	2950000
303	RSM_2_3.05	2	3050000
304	RSM_2_4.35	2	4350000
305	RSM_2_4.65	2	4650000
306	RSM_2_4.85	2	4850000
307	RSM_2_5.15	2	5150000
308	RSM_2_5.55	2	5550000
309	RSM_2_5.65	2	5650000
310	RSM_2_5.75	2	5750000
311	RSM_2_5.95	2	5950000
312	RSM_2_6.05	2	6050000
313	RSM_2_6.15	2	6150000
314	RSM_2_6.35	2	6350000
315	RSM_2_6.45	2	6450000
316	RSM_2_6.65	2	6650000
317	RSM_2_6.75	2	6750000
318	RSM_2_6.85	2	6850000
319	RSM_2_6.95	2	6950000
320	RSM_2_7.05	2	7050000
321	RSM_2_7.15	2	7150000
322	RSM_2_7.25	2	7250000
323	RSM_2_7.35	2	7350000
324	RSM_2_7.45	2	7450000
325	RSM_2_7.55	2	7550000
326	RSM_2_7.65	2	7650000
327	RSM_2_7.75	2	7750000
328	RSM_2_7.85	2	7850000
329	RSM_2_7.95	2	7950000
330	RSM_2_8.05	2	8050000
331	RSM_2_8.15	2	8150000
332	RSM_2_8.25	2	8250000
333	RSM_2_8.35	2	8350000
334	RSM_2_8.45	2	8450000
335	RSM_2_8.55	2	8550000
336	RSM_2_8.65	2	8650000
337	RSM_2_8.75	2	8750000
338	RSM_2_8.85	2	8850000
339	RSM_2_8.95	2	8950000
340	RSM_2_9.05	2	9050000
341	RSM_2_9.15	2	9150000
342	RSM_2_9.25	2	9250000
343	RSM_2_9.35	2	9350000
344	RSM_2_9.45	2	9450000
345	RSM_2_9.55	2	9550000
346	RSM_2_9.65	2	9650000
347	RSM_2_9.75	2	9750000
348	RSM_2_9.85	2	9850000
349	RSM_2_9.95	2	9950000
350	RSM_2_10.05	2	10050000
351	RSM_2_10.15	2	10150000
352	RSM_2_10.25	2	10250000
353	RSM_2_10.35	2	10350000
354	RSM_2_10.45	2	10450000
355	RSM_2_10.55	2	10550000
356	RSM_2_10.65	2	10650000
357	RSM_2_10.75	2	10750000
358	RSM_2_10.85	2	10850000
359	RSM_2_10.95	2	10950000
360	RSM_2_11.05	2	11050000
361	RSM_2_11.15	2	11150000
362	RSM_2_11.25	2	11250000
363	RSM_2_11.35	2	11350000
364	RSM_2_11.45	2	11450000
365	RSM_2_11.55	2	11550000
366	RSM_2_11.65	2	11650000
367	RSM_2_11.75	2	11750000
368	RSM_2_11.85	2	11850000
369	RSM_2_11.95	2	11950000
370	RSM_2_12.05	2	12050000
371	RSM_2_12.15	2	12150000
372	RSM_2_12.25	2	12250000
373	RSM_2_12.35	2	12350000
374	RSM_2_12.45	2	12450000
375	RSM_2_12.55	2	12550000
376	RSM_2_12.65	2	12650000
377	RSM_2_12.75	2	12750000
378	RSM_2_12.85	2	12850000
379	RSM_2_12.95	2	12950000
380	RSM_2_13.05	2	13050000
381	RSM_2_13.15	2	13150000
382	RSM_2_13.25	2	13250000
383	RSM_2_13.35	2	13350000
384	RSM_2_13.45	2	13450000
385	RSM_2_13.55	2	13550000
386	RSM_2_13.65	2	13650000
387	RSM_2_13.75	2	13750000
388	RSM_2_13.85	2	13850000
389	RSM_2_13.95	2	13950000
390	RSM_2_14.05	2	14050000
391	RSM_2_14.15	2	14150000
392	RSM_2_14.25	2	14250000
393	RSM_2_14.35	2	14350000
394	RSM_2_14.45	2	14450000
395	RSM_2_14.55	2	14550000
396	RSM_2_14.65	2	14650000
397	RSM_2_14.75	2	14750000
398	RSM_2_14.85	2	14850000
399	RSM_2_14.95	2	14950000
400	RSM_2_15.05	2	15050000
401	RSM_2_15.15	2	15150000
402	RSM_2_15.25	2	15250000
403	RSM_2_15.35	2	15350000
404	RSM_2_15.45	2	15450000
405	RSM_2_15.55	2	15550000
406	RSM_2_15.65	2	15650000
407	RSM_2_15.75	2	15750000
408	RSM_2_15.85	2	15850000
409	RSM_2_15.95	2	15950000
410	RSM_2_16.05	2	16050000
411	RSM_2_16.15	2	16150000
412	RSM_2_16.25	2	16250000
413	RSM_2_16.35	2	16350000
414	RSM_2_16.45	2	16450000
415	RSM_2_16.55	2	16550000
416	RSM_2_16.65	2	16650000
417	RSM_2_16.75	2	16750000
418	RSM_2_16.85	2	16850000
419	RSM_2_16.95	2	16950000
420	RSM_2_17.05	2	17050000
421	RSM_2_17.15	2	17150000
422	RSM_2_17.25	2	17250000
423	RSM_2_17.35	2	17350000
424	RSM_2_17.45	2	17450000
425	RSM_2_17.55	2	17550000
426	RSM_2_17.65	2	17650000
427	RSM_2_17.75	2	17750000
428	RSM_2_17.85	2	17850000
429	RSM_2_17.95	2	17950000
430	RSM_2_18.05	2	18050000
431	RSM_2_18.15	2	18150000
432	RSM_2_18.25	2	18250000
433	RSM_2_18.35	2	18350000
434	RSM_2_18.45	2	18450000
435	RSM_2_18.55	2	18550000
436	RSM_2_18.65	2	18650000
437	RSM_2_18.75	2	18750000
438	RSM_2_18.85	2	18850000
439	RSM_2_18.95	2	18950000
440	RSM_2_19.05	2	19050000
441	RSM_2_19.15	2	19150000
442	RSM_2_19.25	2	19250000
443	RSM_2_19.35	2	19350000
444	RSM_2_19.45	2	19450000
445	RSM_2_19.55	2	19550000
446	RSM_2_19.65	2	19650000
447	RSM_3_0.05	3	50000
448	RSM_3_0.15	3	150000
449	RSM_3_0.25	3	250000
450	RSM_3_0.35	3	350000
451	RSM_3_0.45	3	450000
452	RSM_3_0.55	3	550000
453	RSM_3_0.65	3	650000
454	RSM_3_0.75	3	750000
455	RSM_3_0.85	3	850000
456	RSM_3_0.95	3	950000
457	RSM_3_1.05	3	1050000
458	RSM_3_1.15	3	1150000
459	RSM_3_1.25	3	1250000
460	RSM_3_1.35	3	1350000
461	RSM_3_1.45	3	1450000
462	RSM_3_1.55	3	1550000
463	RSM_3_1.65	3	1650000
464	RSM_3_1.75	3	1750000
465	RSM_3_1.85	3	1850000
466	RSM_3_1.95	3	1950000
467	RSM_3_2.05	3	2050000
468	RSM_3_2.15	3	2150000
469	RSM_3_2.25	3	2250000
470	RSM_3_2.35	3	2350000
471	RSM_3_2.45	3	2450000
472	RSM_3_2.55	3	2550000
473	RSM_3_2.65	3	2650000
474	RSM_3_2.75	3	2750000
475	RSM_3_2.85	3	2850000
476	RSM_3_2.95	3	2950000
477	RSM_3_3.05	3	3050000
478	RSM_3_3.15	3	3150000
479	RSM_3_3.25	3	3250000
480	RSM_3_3.35	3	3350000
481	RSM_3_3.45	3	3450000
482	RSM_3_3.55	3	3550000
483	RSM_3_3.65	3	3650000
484	RSM_3_3.75	3	3750000
485	RSM_3_3.85	3	3850000
486	RSM_3_3.95	3	3950000
487	RSM_3_4.05	3	4050000
488	RSM_3_4.15	3	4150000
489	RSM_3_4.25	3	4250000
490	RSM_3_4.35	3	4350000
491	RSM_3_4.45	3	4450000
492	RSM_3_4.55	3	4550000
493	RSM_3_4.65	3	4650000
494	RSM_3_4.75	3	4750000
495	RSM_3_4.85	3	4850000
496	RSM_3_4.95	3	4950000
497	RSM_3_5.05	3	5050000
498	RSM_3_5.15	3	5150000
499	RSM_3_5.25	3	5250000
500	RSM_3_5.35	3	5350000
501	RSM_3_5.45	3	5450000
502	RSM_3_5.55	3	5550000
503	RSM_3_5.65	3	5650000
504	RSM_3_5.75	3	5750000
505	RSM_3_5.85	3	5850000
506	RSM_3_5.95	3	5950000
507	RSM_3_6.05	3	6050000
508	RSM_3_6.15	3	6150000
509	RSM_3_6.25	3	6250000
510	RSM_3_6.35	3	6350000
511	RSM_3_6.45	3	6450000
512	RSM_3_6.55	3	6550000
513	RSM_3_6.65	3	6650000
514	RSM_3_6.75	3	6750000
515	RSM_3_6.85	3	6850000
516	RSM_3_6.95	3	6950000
517	RSM_3_7.05	3	7050000
518	RSM_3_7.15	3	7150000
519	RSM_3_7.25	3	7250000
520	RSM_3_7.35	3	7350000
521	RSM_3_7.45	3	7450000
522	RSM_3_7.55	3	7550000
523	RSM_3_7.65	3	7650000
524	RSM_3_7.75	3	7750000
525	RSM_3_7.85	3	7850000
526	RSM_3_7.95	3	7950000
527	RSM_3_8.05	3	8050000
528	RSM_3_8.15	3	8150000
529	RSM_3_8.25	3	8250000
530	RSM_3_8.35	3	8350000
531	RSM_3_8.45	3	8450000
532	RSM_3_8.55	3	8550000
533	RSM_3_8.65	3	8650000
534	RSM_3_8.75	3	8750000
535	RSM_3_8.85	3	8850000
536	RSM_3_8.95	3	8950000
537	RSM_3_9.05	3	9050000
538	RSM_3_9.15	3	9150000
539	RSM_3_9.25	3	9250000
540	RSM_3_9.35	3	9350000
541	RSM_3_9.45	3	9450000
542	RSM_3_9.55	3	9550000
543	RSM_3_9.65	3	9650000
544	RSM_3_9.75	3	9750000
545	RSM_3_9.85	3	9850000
546	RSM_3_9.95	3	9950000
547	RSM_3_10.05	3	10050000
548	RSM_3_10.15	3	10150000
549	RSM_3_10.25	3	10250000
550	RSM_3_10.35	3	10350000
551	RSM_3_10.55	3	10550000
552	RSM_3_10.65	3	10650000
553	RSM_3_10.75	3	10750000
554	RSM_3_10.85	3	10850000
555	RSM_3_10.95	3	10950000
556	RSM_3_11.05	3	11050000
557	RSM_3_11.15	3	11150000
558	RSM_3_11.25	3	11250000
559	RSM_3_11.55	3	11550000
560	RSM_3_11.75	3	11750000
561	RSM_3_11.85	3	11850000
562	RSM_3_11.95	3	11950000
563	RSM_3_12.45	3	12450000
564	RSM_3_12.55	3	12550000
565	RSM_3_13.05	3	13050000
566	RSM_3_14.05	3	14050000
567	RSM_3_14.25	3	14250000
568	RSM_3_14.35	3	14350000
569	RSM_3_14.75	3	14750000
570	RSM_3_14.95	3	14950000
571	RSM_3_15.15	3	15150000
572	RSM_3_15.25	3	15250000
573	RSM_3_15.45	3	15450000
574	RSM_3_15.55	3	15550000
575	RSM_3_15.65	3	15650000
576	RSM_3_15.75	3	15750000
577	RSM_3_15.85	3	15850000
578	RSM_3_15.95	3	15950000
579	RSM_3_16.05	3	16050000
580	RSM_3_16.15	3	16150000
581	RSM_3_16.25	3	16250000
582	RSM_3_16.35	3	16350000
583	RSM_3_16.45	3	16450000
584	RSM_3_16.55	3	16550000
585	RSM_3_16.65	3	16650000
586	RSM_3_16.75	3	16750000
587	RSM_3_16.85	3	16850000
588	RSM_3_16.95	3	16950000
589	RSM_3_17.05	3	17050000
590	RSM_3_17.15	3	17150000
591	RSM_3_17.25	3	17250000
592	RSM_3_17.35	3	17350000
593	RSM_3_17.45	3	17450000
594	RSM_3_17.55	3	17550000
595	RSM_3_17.65	3	17650000
596	RSM_3_17.75	3	17750000
597	RSM_3_17.85	3	17850000
598	RSM_3_17.95	3	17950000
599	RSM_3_18.05	3	18050000
600	RSM_3_18.15	3	18150000
601	RSM_3_18.25	3	18250000
602	RSM_3_18.35	3	18350000
603	RSM_3_18.45	3	18450000
604	RSM_3_18.55	3	18550000
605	RSM_3_18.65	3	18650000
606	RSM_3_18.75	3	18750000
607	RSM_3_18.85	3	18850000
608	RSM_3_18.95	3	18950000
609	RSM_3_19.05	3	19050000
610	RSM_3_19.15	3	19150000
611	RSM_3_19.25	3	19250000
612	RSM_3_19.35	3	19350000
613	RSM_3_19.45	3	19450000
614	RSM_3_19.55	3	19550000
615	RSM_3_19.65	3	19650000
616	RSM_3_19.75	3	19750000
617	RSM_3_19.85	3	19850000
618	RSM_3_19.95	3	19950000
619	RSM_3_20.05	3	20050000
620	RSM_3_20.15	3	20150000
621	RSM_3_20.25	3	20250000
622	RSM_3_20.35	3	20350000
623	RSM_3_20.45	3	20450000
624	RSM_3_20.55	3	20550000
625	RSM_3_20.65	3	20650000
626	RSM_3_20.75	3	20750000
627	RSM_3_20.85	3	20850000
628	RSM_3_20.95	3	20950000
629	RSM_3_21.05	3	21050000
630	RSM_3_21.15	3	21150000
631	RSM_3_21.25	3	21250000
632	RSM_3_21.35	3	21350000
633	RSM_3_21.45	3	21450000
634	RSM_3_21.55	3	21550000
635	RSM_3_21.65	3	21650000
636	RSM_3_21.75	3	21750000
637	RSM_3_21.85	3	21850000
638	RSM_3_21.95	3	21950000
639	RSM_3_22.05	3	22050000
640	RSM_3_22.15	3	22150000
641	RSM_3_22.25	3	22250000
642	RSM_3_22.35	3	22350000
643	RSM_3_22.45	3	22450000
644	RSM_3_22.55	3	22550000
645	RSM_3_22.65	3	22650000
646	RSM_3_22.75	3	22750000
647	RSM_3_22.85	3	22850000
648	RSM_3_22.95	3	22950000
649	RSM_3_23.05	3	23050000
650	RSM_3_23.15	3	23150000
651	RSM_3_23.25	3	23250000
652	RSM_3_23.35	3	23350000
653	RSM_3_23.45	3	23450000
654	RSM_4_0.05	4	50000
655	RSM_4_0.15	4	150000
656	RSM_4_0.25	4	250000
657	RSM_4_0.35	4	350000
658	RSM_4_0.45	4	450000
659	RSM_4_0.55	4	550000
660	RSM_4_0.65	4	650000
661	RSM_4_0.75	4	750000
662	RSM_4_0.85	4	850000
663	RSM_4_0.95	4	950000
664	RSM_4_1.05	4	1050000
665	RSM_4_1.15	4	1150000
666	RSM_4_1.25	4	1250000
667	RSM_4_1.35	4	1350000
668	RSM_4_1.45	4	1450000
669	RSM_4_1.55	4	1550000
670	RSM_4_1.85	4	1850000
671	RSM_4_1.95	4	1950000
672	RSM_4_2.05	4	2050000
673	RSM_4_2.15	4	2150000
674	RSM_4_2.25	4	2250000
675	RSM_4_2.35	4	2350000
676	RSM_4_2.45	4	2450000
677	RSM_4_2.55	4	2550000
678	RSM_4_2.65	4	2650000
679	RSM_4_2.75	4	2750000
680	RSM_4_4.05	4	4050000
681	RSM_4_4.15	4	4150000
682	RSM_4_4.25	4	4250000
683	RSM_4_4.85	4	4850000
684	RSM_4_5.15	4	5150000
685	RSM_4_5.25	4	5250000
686	RSM_4_5.35	4	5350000
687	RSM_4_5.45	4	5450000
688	RSM_4_5.55	4	5550000
689	RSM_4_5.65	4	5650000
690	RSM_4_5.75	4	5750000
691	RSM_4_5.85	4	5850000
692	RSM_4_5.95	4	5950000
693	RSM_4_6.05	4	6050000
694	RSM_4_6.15	4	6150000
695	RSM_4_6.25	4	6250000
696	RSM_4_6.35	4	6350000
697	RSM_4_6.45	4	6450000
698	RSM_4_6.55	4	6550000
699	RSM_4_6.65	4	6650000
700	RSM_4_6.75	4	6750000
701	RSM_4_6.85	4	6850000
702	RSM_4_7.15	4	7150000
703	RSM_4_7.25	4	7250000
704	RSM_4_7.35	4	7350000
705	RSM_4_7.45	4	7450000
706	RSM_4_7.55	4	7550000
707	RSM_4_7.65	4	7650000
708	RSM_4_7.75	4	7750000
709	RSM_4_7.85	4	7850000
710	RSM_4_7.95	4	7950000
711	RSM_4_8.05	4	8050000
712	RSM_4_8.15	4	8150000
713	RSM_4_8.25	4	8250000
714	RSM_4_8.35	4	8350000
715	RSM_4_8.45	4	8450000
716	RSM_4_8.55	4	8550000
717	RSM_4_8.65	4	8650000
718	RSM_4_8.75	4	8750000
719	RSM_4_8.85	4	8850000
720	RSM_4_8.95	4	8950000
721	RSM_4_9.05	4	9050000
722	RSM_4_9.15	4	9150000
723	RSM_4_9.25	4	9250000
724	RSM_4_9.35	4	9350000
725	RSM_4_9.45	4	9450000
726	RSM_4_9.55	4	9550000
727	RSM_4_9.65	4	9650000
728	RSM_4_9.75	4	9750000
729	RSM_4_9.85	4	9850000
730	RSM_4_9.95	4	9950000
731	RSM_4_10.05	4	10050000
732	RSM_4_10.15	4	10150000
733	RSM_4_10.25	4	10250000
734	RSM_4_10.35	4	10350000
735	RSM_4_10.45	4	10450000
736	RSM_4_10.55	4	10550000
737	RSM_4_10.65	4	10650000
738	RSM_4_10.75	4	10750000
739	RSM_4_10.85	4	10850000
740	RSM_4_10.95	4	10950000
741	RSM_4_11.05	4	11050000
742	RSM_4_11.15	4	11150000
743	RSM_4_11.25	4	11250000
744	RSM_4_11.35	4	11350000
745	RSM_4_11.45	4	11450000
746	RSM_4_11.55	4	11550000
747	RSM_4_11.65	4	11650000
748	RSM_4_11.75	4	11750000
749	RSM_4_11.85	4	11850000
750	RSM_4_11.95	4	11950000
751	RSM_4_12.05	4	12050000
752	RSM_4_12.15	4	12150000
753	RSM_4_12.25	4	12250000
754	RSM_4_12.35	4	12350000
755	RSM_4_12.45	4	12450000
756	RSM_4_12.55	4	12550000
757	RSM_4_12.65	4	12650000
758	RSM_4_12.75	4	12750000
759	RSM_4_12.85	4	12850000
760	RSM_4_12.95	4	12950000
761	RSM_4_13.05	4	13050000
762	RSM_4_13.15	4	13150000
763	RSM_4_13.25	4	13250000
764	RSM_4_13.35	4	13350000
765	RSM_4_13.45	4	13450000
766	RSM_4_13.55	4	13550000
767	RSM_4_13.65	4	13650000
768	RSM_4_13.75	4	13750000
769	RSM_4_13.85	4	13850000
770	RSM_4_13.95	4	13950000
771	RSM_4_14.05	4	14050000
772	RSM_4_14.15	4	14150000
773	RSM_4_14.25	4	14250000
774	RSM_4_14.35	4	14350000
775	RSM_4_14.45	4	14450000
776	RSM_4_14.55	4	14550000
777	RSM_4_14.65	4	14650000
778	RSM_4_14.75	4	14750000
779	RSM_4_14.85	4	14850000
780	RSM_4_14.95	4	14950000
781	RSM_4_15.05	4	15050000
782	RSM_4_15.15	4	15150000
783	RSM_4_15.25	4	15250000
784	RSM_4_15.35	4	15350000
785	RSM_4_15.45	4	15450000
786	RSM_4_15.55	4	15550000
787	RSM_4_15.65	4	15650000
788	RSM_4_15.75	4	15750000
789	RSM_4_15.85	4	15850000
790	RSM_4_15.95	4	15950000
791	RSM_4_16.05	4	16050000
792	RSM_4_16.15	4	16150000
793	RSM_4_16.25	4	16250000
794	RSM_4_16.35	4	16350000
795	RSM_4_16.45	4	16450000
796	RSM_4_16.55	4	16550000
797	RSM_4_16.65	4	16650000
798	RSM_4_16.75	4	16750000
799	RSM_4_16.85	4	16850000
800	RSM_4_16.95	4	16950000
801	RSM_4_17.05	4	17050000
802	RSM_4_17.15	4	17150000
803	RSM_4_17.25	4	17250000
804	RSM_4_17.35	4	17350000
805	RSM_4_17.45	4	17450000
806	RSM_4_17.55	4	17550000
807	RSM_4_17.65	4	17650000
808	RSM_4_17.75	4	17750000
809	RSM_4_17.85	4	17850000
810	RSM_4_17.95	4	17950000
811	RSM_4_18.05	4	18050000
812	RSM_4_18.15	4	18150000
813	RSM_4_18.25	4	18250000
814	RSM_4_18.35	4	18350000
815	RSM_4_18.45	4	18450000
816	RSM_4_18.55	4	18550000
817	RSM_5_0.05	5	50000
818	RSM_5_0.15	5	150000
819	RSM_5_0.25	5	250000
820	RSM_5_0.35	5	350000
821	RSM_5_0.45	5	450000
822	RSM_5_0.55	5	550000
823	RSM_5_0.65	5	650000
824	RSM_5_0.75	5	750000
825	RSM_5_0.85	5	850000
826	RSM_5_0.95	5	950000
827	RSM_5_1.05	5	1050000
828	RSM_5_1.15	5	1150000
829	RSM_5_1.25	5	1250000
830	RSM_5_1.35	5	1350000
831	RSM_5_1.45	5	1450000
832	RSM_5_1.55	5	1550000
833	RSM_5_1.65	5	1650000
834	RSM_5_1.75	5	1750000
835	RSM_5_1.85	5	1850000
836	RSM_5_1.95	5	1950000
837	RSM_5_2.05	5	2050000
838	RSM_5_2.15	5	2150000
839	RSM_5_2.25	5	2250000
840	RSM_5_2.35	5	2350000
841	RSM_5_2.45	5	2450000
842	RSM_5_2.55	5	2550000
843	RSM_5_2.65	5	2650000
844	RSM_5_2.75	5	2750000
845	RSM_5_2.85	5	2850000
846	RSM_5_2.95	5	2950000
847	RSM_5_3.05	5	3050000
848	RSM_5_3.15	5	3150000
849	RSM_5_3.25	5	3250000
850	RSM_5_3.35	5	3350000
851	RSM_5_3.45	5	3450000
852	RSM_5_3.55	5	3550000
853	RSM_5_3.65	5	3650000
854	RSM_5_3.75	5	3750000
855	RSM_5_3.85	5	3850000
856	RSM_5_3.95	5	3950000
857	RSM_5_4.05	5	4050000
858	RSM_5_4.15	5	4150000
859	RSM_5_4.25	5	4250000
860	RSM_5_4.35	5	4350000
861	RSM_5_4.45	5	4450000
862	RSM_5_4.55	5	4550000
863	RSM_5_4.65	5	4650000
864	RSM_5_4.75	5	4750000
865	RSM_5_4.85	5	4850000
866	RSM_5_4.95	5	4950000
867	RSM_5_5.05	5	5050000
868	RSM_5_5.15	5	5150000
869	RSM_5_5.25	5	5250000
870	RSM_5_5.35	5	5350000
871	RSM_5_5.45	5	5450000
872	RSM_5_5.55	5	5550000
873	RSM_5_5.65	5	5650000
874	RSM_5_5.75	5	5750000
875	RSM_5_5.85	5	5850000
876	RSM_5_5.95	5	5950000
877	RSM_5_6.05	5	6050000
878	RSM_5_6.15	5	6150000
879	RSM_5_6.25	5	6250000
880	RSM_5_6.35	5	6350000
881	RSM_5_6.45	5	6450000
882	RSM_5_6.55	5	6550000
883	RSM_5_6.65	5	6650000
884	RSM_5_6.75	5	6750000
885	RSM_5_6.85	5	6850000
886	RSM_5_6.95	5	6950000
887	RSM_5_7.05	5	7050000
888	RSM_5_7.15	5	7150000
889	RSM_5_7.25	5	7250000
890	RSM_5_7.35	5	7350000
891	RSM_5_7.45	5	7450000
892	RSM_5_7.55	5	7550000
893	RSM_5_7.65	5	7650000
894	RSM_5_7.75	5	7750000
895	RSM_5_7.85	5	7850000
896	RSM_5_7.95	5	7950000
897	RSM_5_8.05	5	8050000
898	RSM_5_8.15	5	8150000
899	RSM_5_8.25	5	8250000
900	RSM_5_8.35	5	8350000
901	RSM_5_8.45	5	8450000
902	RSM_5_8.55	5	8550000
903	RSM_5_8.65	5	8650000
904	RSM_5_8.75	5	8750000
905	RSM_5_8.85	5	8850000
906	RSM_5_8.95	5	8950000
907	RSM_5_9.05	5	9050000
908	RSM_5_9.15	5	9150000
909	RSM_5_9.25	5	9250000
910	RSM_5_9.35	5	9350000
911	RSM_5_9.45	5	9450000
912	RSM_5_9.55	5	9550000
913	RSM_5_9.65	5	9650000
914	RSM_5_9.75	5	9750000
915	RSM_5_9.85	5	9850000
916	RSM_5_10.05	5	10050000
917	RSM_5_10.25	5	10250000
918	RSM_5_10.55	5	10550000
919	RSM_5_10.65	5	10650000
920	RSM_5_10.85	5	10850000
921	RSM_5_11.65	5	11650000
922	RSM_5_12.05	5	12050000
923	RSM_5_12.55	5	12550000
924	RSM_5_12.95	5	12950000
925	RSM_5_13.25	5	13250000
926	RSM_5_13.35	5	13350000
927	RSM_5_13.45	5	13450000
928	RSM_5_13.55	5	13550000
929	RSM_5_13.65	5	13650000
930	RSM_5_13.75	5	13750000
931	RSM_5_13.85	5	13850000
932	RSM_5_14.05	5	14050000
933	RSM_5_14.15	5	14150000
934	RSM_5_14.25	5	14250000
935	RSM_5_14.55	5	14550000
936	RSM_5_14.65	5	14650000
937	RSM_5_14.75	5	14750000
938	RSM_5_14.85	5	14850000
939	RSM_5_14.95	5	14950000
940	RSM_5_15.05	5	15050000
941	RSM_5_15.15	5	15150000
942	RSM_5_15.25	5	15250000
943	RSM_5_15.35	5	15350000
944	RSM_5_15.45	5	15450000
945	RSM_5_15.55	5	15550000
946	RSM_5_15.65	5	15650000
947	RSM_5_15.75	5	15750000
948	RSM_5_15.85	5	15850000
949	RSM_5_15.95	5	15950000
950	RSM_5_16.05	5	16050000
951	RSM_5_16.15	5	16150000
952	RSM_5_16.25	5	16250000
953	RSM_5_16.35	5	16350000
954	RSM_5_16.45	5	16450000
955	RSM_5_16.55	5	16550000
956	RSM_5_16.65	5	16650000
957	RSM_5_16.75	5	16750000
958	RSM_5_16.85	5	16850000
959	RSM_5_16.95	5	16950000
960	RSM_5_17.05	5	17050000
961	RSM_5_17.15	5	17150000
962	RSM_5_17.25	5	17250000
963	RSM_5_17.35	5	17350000
964	RSM_5_17.45	5	17450000
965	RSM_5_17.55	5	17550000
966	RSM_5_17.65	5	17650000
967	RSM_5_17.75	5	17750000
968	RSM_5_17.85	5	17850000
969	RSM_5_17.95	5	17950000
970	RSM_5_18.05	5	18050000
971	RSM_5_18.15	5	18150000
972	RSM_5_18.25	5	18250000
973	RSM_5_18.35	5	18350000
974	RSM_5_18.45	5	18450000
975	RSM_5_18.55	5	18550000
976	RSM_5_18.65	5	18650000
977	RSM_5_18.75	5	18750000
978	RSM_5_18.85	5	18850000
979	RSM_5_18.95	5	18950000
980	RSM_5_19.05	5	19050000
981	RSM_5_19.15	5	19150000
982	RSM_5_19.25	5	19250000
983	RSM_5_19.35	5	19350000
984	RSM_5_19.45	5	19450000
985	RSM_5_19.55	5	19550000
986	RSM_5_19.65	5	19650000
987	RSM_5_19.75	5	19750000
988	RSM_5_19.85	5	19850000
989	RSM_5_19.95	5	19950000
990	RSM_5_20.05	5	20050000
991	RSM_5_20.15	5	20150000
992	RSM_5_20.25	5	20250000
993	RSM_5_20.35	5	20350000
994	RSM_5_20.45	5	20450000
995	RSM_5_20.55	5	20550000
996	RSM_5_20.65	5	20650000
997	RSM_5_20.75	5	20750000
998	RSM_5_20.85	5	20850000
999	RSM_5_20.95	5	20950000
1000	RSM_5_21.05	5	21050000
1001	RSM_5_21.15	5	21150000
1002	RSM_5_21.25	5	21250000
1003	RSM_5_21.35	5	21350000
1004	RSM_5_21.45	5	21450000
1005	RSM_5_21.55	5	21550000
1006	RSM_5_21.65	5	21650000
1007	RSM_5_21.75	5	21750000
1008	RSM_5_21.85	5	21850000
1009	RSM_5_21.95	5	21950000
1010	RSM_5_22.05	5	22050000
1011	RSM_5_22.15	5	22150000
1012	RSM_5_22.25	5	22250000
1013	RSM_5_22.35	5	22350000
1014	RSM_5_22.45	5	22450000
1015	RSM_5_22.55	5	22550000
1016	RSM_5_22.65	5	22650000
1017	RSM_5_22.75	5	22750000
1018	RSM_5_22.85	5	22850000
1019	RSM_5_22.95	5	22950000
1020	RSM_5_23.05	5	23050000
1021	RSM_5_23.15	5	23150000
1022	RSM_5_23.25	5	23250000
1023	RSM_5_23.35	5	23350000
1024	RSM_5_23.45	5	23450000
1025	RSM_5_23.55	5	23550000
1026	RSM_5_23.65	5	23650000
1027	RSM_5_23.75	5	23750000
1028	RSM_5_23.85	5	23850000
1029	RSM_5_23.95	5	23950000
1030	RSM_5_24.05	5	24050000
1031	RSM_5_24.15	5	24150000
1032	RSM_5_24.25	5	24250000
1033	RSM_5_24.35	5	24350000
1034	RSM_5_24.45	5	24450000
1035	RSM_5_24.55	5	24550000
1036	RSM_5_24.65	5	24650000
1037	RSM_5_24.75	5	24750000
1038	RSM_5_24.85	5	24850000
1039	RSM_5_24.95	5	24950000
1040	RSM_5_25.05	5	25050000
1041	RSM_5_25.15	5	25150000
1042	RSM_5_25.25	5	25250000
1043	RSM_5_25.35	5	25350000
1044	RSM_5_25.45	5	25450000
1045	RSM_5_25.55	5	25550000
1046	RSM_5_25.65	5	25650000
1047	RSM_5_25.75	5	25750000
1048	RSM_5_25.85	5	25850000
1049	RSM_5_25.95	5	25950000
1050	RSM_5_26.05	5	26050000
1051	RSM_5_26.15	5	26150000
1052	RSM_5_26.25	5	26250000
1053	RSM_5_26.35	5	26350000
1054	RSM_5_26.45	5	26450000
1055	RSM_5_26.55	5	26550000
1056	RSM_5_26.65	5	26650000
1057	RSM_5_26.75	5	26750000
1058	RSM_5_26.85	5	26850000
1059	RSM_5_26.95	5	26950000
